&one_over_nu_nml
nlambda = 50
nalpha = 50
nintegral = 50
max_search_in_zeta = 3000
ntheta = 100 
nzeta = 100
nwell = 100
! Parameters for finding extrema of B
niter_newton = 10
tol_newton = 1e-4

s_wish = 0.028333333333333   0.095000000000000   0.128333333333333   0.195000000000000   0.228333333333333 0.295000000000000   0.328333333333333   0.395000000000000   0.428333333333333   0.495000000000000   0.528333333333333   0.595000000000000   0.628333333333333   0.695000000000000   0.728333333333333   0.795000000000000   0.828333333333333   0.895000000000000

nsurf = 18
Delta_zeta = 0.01
Niter_root = 10
root_search_tolerance = 0.001
boozmn_filename = 'boozmn_MIRFL14_11p.nc'
/
